296 111111101111111111111111. ,

1111111111 1111111111 11111111, 1031 1131111111111 11 01111311

· 11111111 1111131111, Κ1111111111111111 1111111111 111111-

1111 1 1111111011 1111111111, 1111111111 1131111111 11111111 11· ‹
vozni 11 1111113111, ¹) (11 1111111111111111011 11 Η11111111
1311111101,1111111 Capreolo 1111101111111 8111111 111101-
1111 11111111 11101111 111 mentek, egy 1111 111111 111111 111·
11111111111 111111 Mindszenti 11 Η11111 111111 1111111031
111111111111 1 1111111 111011113111 1111111111 11111111 1111
hadal( 111111 31111111111 1 11111010111111 (11113111 11111111

. “ 11111111111111, 1111110111111111111111111111111) 8111111

11111 som 1111 111111,Β11111ὃ111111111111111111111 111111 111
11111111 1111111111 1 1111311111, ⁸) 111 111111 11 1111111111
11131 11111011 11111, 111111111111, 1131 111111101111 1Βο11111
1111111111 meginditott 1111111101. ⁴)

1111111111111 10111111101011111 1111111 is 11111111 1
1111 1 Basta is megindult 14,000-nyi 11111111. 11111111111 ,
1111111111 is 1111111 1 1111111111, 111 1 11311111111111011111-
111110111111101111, 111 az 111111 Β111111111111 11111111 111Ι
11 1111111111 1111111111 11111 Demeter nap 1111 111111111111
1131111111111Β111111 oreja, sem az 0111111 11111111111111 ,
11 11111111 11111111, sem 111111111Κ111111111111111111111,1111
1111111 1011011 1111111111 3111111111 1111 11111111 11111111111111
1111111 Α 11111111311111 111111 11 8111111111 11111111 111111-
111 volt: 1 (1111. 12-111 11311 Βο11111 11111111111111111111
11111111 1111111111)

Ez 0111111111 111111 111311111011, 11 1 1111111111,1111111
1111111111, moly 1 111111 110111 1113011111. Ε11111111111
11011111, de 1111111111111111 1111111011131111 11111111101.
1111111 1 11110111 11, 1 1111111, 1031 11 011111111 1 1111111· 2
11111 111111 113111111111111 111111 alig 1111111111 111111·
111, hogy 11 11111111 1111111, 1111111111 11111 nem, 1 111111
1111 111 1111111 1111111 111111 1111311111111111011111111 -

11111111 197. l. 1131111111 F. VI. 127.

¹) Is. 1111. 11 Irom. 1.

⁸) 11· 1111. 11 Irom. 11.

⁴) 11. 111111 11011111.

⁸) 11. ’111111111 11 1101111101 Π. 811111111111111111111111 olm
nuk (198. l.) 1111111111 12-11 1111111 Gyulasy.

 

