266 1111111 11111111111111.

11311131111111111111 1111111111, nem seljebb, 1111111111
annyi 1111111113 111111 113111311111111111111111, 11111131,
hogy valamikor 11 haeres 11111131111 111111 111, successivis
semper temporibus 11311111111111131 1131113111 11111111 per-
1111111111111111 nem igyekezik‚ teljes 1111111111 11131111-
311111113111311111111111 kegyelmes urunknak.

(4) 1713111111 11 1131113111 j6 111111111111, hogy 111 az
11111113111 1111111 1111111111, 111111 111 1113111111, 11 113111·
3111111 11 1111111 1111111111111111,11113)7 1111111111] 11111,
1111 1111111 113111, mint az 1111111, 111131 11 11111 hordo-
11111. 1111111111 ha ki az 1111131111 uj (11131111111111111-
1111, 11111 111 1113111111 1111111111 11111 1131113οά111, ’
1111111113 111 1111111111.

(5)]111111 1131113111 11 1111111 11111111 1111111131 11
111 mind itt az 111113 11111111 111111, mind pedig 1111111 11
11111113 11111111 11111, 11 mai napiglan 1131111111 praesen-
111111, 111111 111111111111, 1131 113111 11111111111111, 1131
1111111; 111111111131113111111111311 11111 1111111111 1111111-
(111111111111, 1111111131 eddig 111131113111113111111111311
11111111111113111111, 11 11111 111111111111 proscribfiljuk.

Hogy pedig nagyssigod 1111111, kik 1111111111-
1111 111111 11 11131131111111111111111,111111111111111111111111
11111111111111 1131111311111 113311311111 111111131111111
11111111.

(6) De minthogy 1131113111 nem 111111 11111 11111111-
111, 1111111 11 1111111 11111111, 11 ρ111111311111111111, 11111-
111111111111111,111111111111111, 11111111111111 111131 11111
1111111111 1131111111 11111 1111 111111311111111111111111111
11 mi kegyelmes 1111116111 1111111 11 1111131 1111111111111
11111111111111 11111111111 1111113111, 1131113111 11111 is
11111111 11111111 1116 jo akaratjat 11113111111113111113111-
111111, 113111 1111, hogy azokban 1113111111111111.

(7) Τ1111111 1ο11 meg 11331131111 111111311111111,
1113111 1113111 1113111111111111111113111 1111111111
11311111111311,11131 11 11111 11111 1113111111111111111111
111111 11111111 11311 1111131111, 11111111 1111111 1111111111-
1111111131131111 11 1111111111111, 11111113111111, 1111111-

 

