16111111. 18. 349

1111111 nem 1111111 meg 1 jus ligatumot 3 1 111 11111111, 11131
1111111111111111 11τό1111111 el: 11111 1111111 111111 111 mond-
1111, 111111 1111111 11111 1111111111. ¹)
A 1111111 11111111 1111111111 1111111 111111 11-11 meg·
= 11111; 11 1111 1111111111 111 1 jus ligatum 11111111111111111,
1111111111111111 1111111 1111111111 jumi, 1111 11, 11111111-
1111111 11 1111111 1111111111
A 11111111111111111111 1111111111 11 111111111111
1111111111 1 11111111 1111111111 1 11111 1111111 11111111 111111 11111-
1111181111111111110-111Κ111111Β111111111 11111 11111111
= 1111111 1111111 hogy 11111 mutatio (1111111111 1111111111
2 1111111116 11111111 1111) 11111111111111 11 1111111111 11111-
1111111
2 111 1111111111 1111 1111111 1111111111 111111 1111111-
11111111 111-11111111. 1111111111 1 11111111 11111111111111111
ζ 111 1111111111 1111111111 1111111111 111111111111111 1111111-
, 1111111111111, 111111 11111111 1111111111111111111111111,11111
3 minden 11111111111128,1111111111111111 14111111111117
ᾗ 11111 1111111111 1111111111111311111111,111111111111111·
J 1111111 1 1111111111 1111111111 1111111111111111111111116 3 11
111 11111 1111111111 meg.
J 1111111111111111111111111111Τ111111113111111111111
J 1111111111 1111 111111111111 1111111111111113111 atulajdonos
, ’111111 111111 1111111 11111)
111111 1 111111, 1111111 111111111111111111161111111 1111·

111111 1111111 111111 1111111111111,4)11111. 1111111111111.
J

XV.

J ω 1111111111111111111· 11111111111111111111 1111111111
⁸ 111111 1111111111111, 1111111111 1111 311111111111111
1111111111 11 1111111 1111111 111111111111 1111111111 1)-111ο1

’11,11.1111611111111111.
j ’11,11Η111111111111.
11111111 1161111111111 111111.1111ΧΧΙΧ
κηιι1111 1111111111 1111111111
Ι)111111111111111111ο1ο11111111111111111811111111111111111
’Jflssffl'ficare 11111111.11111111111111)11111111111

 

