16011118. 1. 313

1111111811; ¹) 8181111811 nem ugy a 1118111181. Az 1118111 1111811
1 111 8111111811118111181181111181118818 sem 1111181811. (1881811118
1181111111 1111811 8811111111 1811 11111118 - 8 8 8111811 1111811811
, 81 fij, 81 8111181111 81 ό 8181181181811111181 8 1111111111 11811811
’ -8 igy 118111 181111811818111111’)11111818111181111111110·
1181188111811811181 meg. ⁸)

111818118181111811 8 1881188881 1111811181 11111188 8111
¹ 01118181113811811181181811, 18111118 mult, hogy 81181118 111811
11118181 118111 1181111811 11811811 1818111118 811 11111, 1111111811111- μ
¹ 8181118111 11111111 18 18118118881118.Η818111181,118111Β8881811
1111 81118118118,1604.1811118118111181111118,118 1181181181 11111811-
, 81181 18111811 811818118811111811 1881818111 nem 1118811811 18 8
J 1818181111, 118111 egy 1811 11111 111811 118118118181181111.Μ1-
2 81811 11111118 181111811111118811811 8118181181, 11811811 18111888-
8181818111811181181 8 11τὸ1881, 118 Β8881811 8181111. S mi-
818118Κ118111181188181181181111181181111188 1111188 11818111
, 18111 1111111188 8 811181181 1011 11181118 81811811111118111181.
1 April 111111, 11111811 egy 118 181111111811811, 111811 1111811881-
’ 18118118 8111811111111 8111118181181 1111181811111 1181181
1 18111181 11118118 81118111, 11811 8111811111 18111818Κ11181181118-
dul 8111118181 11188188 811181111111111 18111181 18 81 818111818181
ἶ 18188181,1111, hogy 11118 (1818111811 18 1111181. Az 8111118181 11188
2 11118181, 81111 881181181181 111118111811118111 1118118 1111111111,
Ῑ 181181818111811818, 81 1118818 81 81111 1111111111 Κ8188111811
“ 18111, 81111811 81 18111811181111188111811118181881111111111,
1 1181181818 18111811811111811 Μ8111111181118111811811118118111,

1

1 ¹) »1111111111 181118 - 11188 1818118111 1106 11111. 311111 1811111811
1 - ha 818181111188818181181181118,111111181 18188811110181 (1. i. 8 1118111181
1111811111) kik 81 811181111818 181 1111811811 1111111118118181 8118111181 111-
1 1111181181 11181811 1111118118, 8111 11111811 8111811181188811181111 81111181
1 111811 1111111181 18118 ; 8 8111818881 81111811 181818181181181 1111111111 88111811
1 1188118181 1888818818 Ered. az 811. 1181-1111111111.

·) 11. Τδ11. 18 118111. xxxm.

1 ι1111111811181.1811111111 1001. 11111. 7. Erd. Μ11.·Ε111.Τὸ11.18
1 118111. mlv. 1111. 2-118111181811 11 ; 1. 1811111 11181118 1818111181111181

181181, 11111. 15-1111, az 11111. 11118-11111811111181111811. 118 8118188111 181111-
, 18118181.

 

