442 . 16116111 61661661666661.

uram mind a 161 016116166631166 161616161611166161166,616-
1161 6 66316636 66 616663 16161166 611611 6 611 61631611 163161-
mes urnnknak 11616161 66 66661 6611161 166316166166161 16161
1161113 66 6166613661 6666166611 1616166361 6616161166 (1613611166
1616 16 6111161161 solenniter, instar 111666666666111611166116·
rum, 663161661661, 6116161161, 11166166 6 16111116, 1163116116-
pen 66 6 61611 6 161 616161161 6616 6661161666631166 161161,
(16 61666666366 16166663661 166161661 1611161 6311111 61166-
6636116166661, 66 6116161 6116616666 6631166336163116161
61161666111, 11166166 16, 116 6161 1166661661 (6116111631 66 611-
16161661 61616161 16116666661) 611 11311161 66661, 61611166 66
6 6631166361 11166161661,616616111661111161111 66311661,11631-
sem 61161 16161611111161661 1166661 61166 1116166166166661.

(5) Η61611 pedig az mi 66 11666661 6116116116, 1616661116
der6kk6ppen 6116116161 1133, 6111111 116613 11166 61661166 166-
3611666 1111611161, 16316163 1666116 16166661611611 immaturus
competitori 66 6166113661, 111 6616 ad publicum bonnm, 16666

nd privatam ambitionem complendam 161616666661,11166661 ÷

i

1

1161661611) 161161, 6 66316636 az 1666661166111111166 6611611616 1
1616161111 6661 1666111 6661161, 66 111 6 66316636 66 az 616663 ,
661616116616116661 66 166166 16116661, 11631 66 1161611666 666- ’
6661 611616 11111611661661 166166661616116161, 6666161 az 616663- Ῐ

16166 611166, 66166 mint 66 61611111 666166116111611111666166

611661161661 6 161616666636 61161 1611161616 61161 11116616· ;

666 166316 136116, 66 113166 6666661611 111161616161, 6611161
6166631616661, 661 6 161616666636661 61161616663111616316·
16611111, 111 166161 praedecessorum 66611116 1161161, 66661661
663616611666. ,

(6) Μ161111631 az mi eieink, kik 66116661 feliciter 3111161-
1161161,161611661ο166 6 16166611666631166 6316666361, obsequi·
116161 6616116661, 16366161 6 1631616161, 1163111666 16 6161161
16161166, 6 66316636, 3616166161 uram 616616166166161666-
1166 6666661166 16 1616161 11111116616611611616 1616636116·
16116663, 1163166 16116166 66611 1616661166 16166166 utin
in 6616161661166661 6661666611 mind 1163161616663, 16166111·
11611,61616636 1116611661 16 6111136611 6666111611 6161166116611
6166116161, az mik6pen 66 libera 61661161 111611, 66 66 66361111
61616636, 6111611161 6116111631 161166166661, 1616611116311161

 

