62 11111111 1111111οῶ1111.

1111111311 ο1ο1111τ 1111111111161111131 111111 111111111111
111111111111111111111111111111111 11111, 1131 11 111113111-
111111111111, 1 111111111131111111111, 11 1311113111131111111
161 mit fog 1111111111. ¹)

De az 1 11111111111 1111111111 1111111111 1111111111 11113
1 11111 nem 11111111 1113, - 13111111 Η1111111 1111111111 az
11111311111111111 131111111111111111111111, 1111111111111
11111 11111111 111111111 111111 mint 1111111 3111 Salm 1111111.Ι
3111 1111111 Η11111, 11111111 lippai 1111111111, 11116111
Lajos 11111111111111,0111111,81111111, 111111 ,1111111 1111111
(11111111 is, 1131131161 11111111111111)1111 111111 1111111131
1111111, 1131 1111 Η1111111 1111111 1111311111131131111
’ 1111111111, 1 111111 1 111111 1111111111 11111111 1111111111
8111111 Ρ61131111.

A 11111111111111111111111 1111 1111111131111, mely-
111 1 1111111111 8111111 1111111111 1111111111;11111131,111111-
1111 8111111111 111111 minden 11111 Β1111111111111111111111
111111, 111111111111 1111 11 1111111111111, 11111111 maga 1111-
1111111 1111111 &pen 111 1111111111111116 11111111, mint

a 1111111111 1111. 111111 111 11 111111 11111111 11 11111-
311, 1111111111 131111111111 11111111 11111111,111111111 1111111,
11111 11 11111 hadal( 11131111111131111,11111111111111

1131111 11111 11 1111 nem volt 11111111. Η111111 11111 ki 1 1111-
(111111111111111111 113111111111111, 1111111 11111111 1111
11113111 — 11111 1111 sommi 111111. S 11111111111111111111-
111 11111111 111111131111111111, - 1 11111, 11111111 131116-
11111, 1 1111111 11 1111111111, - »monton ment 1 11111111111
111111 Β111111, 1111111111 Κ111111111 11 13111111 11, (11 11111
11111111111 1 1131 jambor: 11131111 1 ki 111 1111111111 111

Ρ--ᾓ--ἦ

¹) Bethlen 11111111. 513 111111111111111111131. 1111111111 111·
1111 11111111 11111 11111111 11111161 11111111111111, 1111111111Β11311111
111111111111111111 111111, 111111 160311 teuzi 111111111111111111111 1111111161.
111 111111 1604 jan. 20-1111111111111 111111111111111111161111111111
11111311 111111) 1111111111111, - 11111 111111 11113 1111111111111

Κ11111111111 111111111111111(1111113111131 1101 J'un. 5-111 1111111 11·-
111111 1131111111.

¹) 1111111111 V. k. 525-st 1.
3) Papp 11111161 1111. 11111111. 5811.

 

