386 11111111 11111111111111.

Κ11111611 (11111111 domino 111111 Ρ1111 de Dera, Genenli
universitatis Siculorum, sedisque Siculiealis 1711111111111111111, 1111
demque 11111 judici 11311. ete. Domino et 111111111111111111111.

(Eredetije 11 Erd. 11111111-1131111111111111111.)

xxm
1605. jfil. 25.
Meqkivd 11 any. 101111 11111111νί 1111111111111

Stephanus dei gratia Η11311111, Τ111111111111111 prin·
ceps et Siculorum 111111. etc.

Generose fidelis 1111111 nobis (1111111. Salutem 11311·
tiam nostram. Tbbb 111111111 161111 az 1111111111111111111Ι
1131131111) 11, 1113111 11111111, 11 1111111111111131111111111111
1111111111 111 11 11111111, 111111 111111111131111 111111 11111
1111 1111111, 1111111 113111 11111111311,11111111131111 tar
11111111 11111111 1111111, 11111111111111113311 1111161111·
111 1111111111 1111111111 1111 1111111113111 1111111111, 1111- 1
111111111111 111113111311111111111, 11113111111111111111111 1
11111111111, 111111 1111111111, 11111111111, 11113311,1131111
11111613111111111111111111,111113111111111 1131 1311111131
11111111 1111111 meg 1111611111 1 11111 1111131111,11131111111
11111111 1113 1111 111111111 11,111 11 1111111111 131111111111,
mint az tenger 1111111111 1111111111, 1111111 1111111111 111·
111-111111 1111111111 111113, 11 111 1311 111111111111111
11111111111111, 1111116111111113111111, 11131111 1111111 11111
111111 11111111311111,1111131111 1111 11311111111111111111·
111111131111111111111111111111 1131111111131161 1116 11311111
111111111111111111111 ὅ 111111111131111, 1111111111111111 11
&des 1111111111, 111111 111111, 11 111111111111111 111111,
11111111111111, 113111 116 1111 111111, 11131 sem mint 11
1111111111 1161111. 1111111111 111111 1111111 1111111111

11111 1111131 11311 111111111111, 11611111111611131111111·
1111, mi 11111111 1111111111 1111, 11 kaput 11111, 11111 113111·
11111131111 1 111111111131111111111 1311111111 1131111111
11111111111111111,111111 11111111 1111 1111111111 111111111;
1111 1131111111 11111111111, 11131 1111111111 1111131 1111
111111113111111 11116111 1111111111 1111111 1111111111ῑό
113111111 111111131 11 1111111 111111111111111131111

 

 

