1606. mu„ 1. 309

Az ostromlottak 16661 16666 6161161 66166661 66 6666161, (16
166661 1116661611 6 663361611616111) 666366 nov. 11-66161-
6161611 6 661.

Π6 66666 ha 616666 6611 1616316166 1161616, 6666161
1666661 16666661661161661, az 666663 1616361666 6 666661
66661666661666661 66166661111161611 16, (166666361666 6663
666 66116636616611166. Α 1666666661 basa 6661666666161 Η6.

¹ 6661666613666361166161 6 66166661 166661 166116661661116-
’ 161, 6661661 66166 Β666166 666116116316116166666166616166663
sem 6111 61636666 16666 az 6666636666, az 616666661661161616
166616 161661 661611 6 6166666166 161616666666661 16636166666
(1666 6-11 666661 11616 111) 161661 6 666161661666611Β666-
166661 6616666666, 6636 6 11661611 66666666161166666 6163·
16166, 66 roez 66616161 1111161161 1666666; 61166161616661, 6636
’ 611616666 66663666616161 166166661661666166161 6 66611 laj-
6166666161. ⁸)S 6616116636 6 6666666166 666616616616161166-
' (161161, 6 6631 1666666166 61666, 1661661, 11616666 Zsigmond
61366166 6111116 666161. ⁴)

V.
6163666661 6611616666661Β666166Β616666 ment, 6 jelen

1
’

I volt 6631 6666166 Β611666 Ι61666 1666616666. 161666616161 11166-

11666 1666666 6116361166 »1661616 - 166 6611 - 6616661 661611
I 1163666666663661, 66 6663666661 666, mint most 163 661661,
1 6616166361 66666 161 66661616 011. 6636 1616 6666 Ρ616166

I volt, 666. 10-16 66613 166666, 66166661166161 1166161161 116166
1

-.‚——-

¹) A 1161666661 hora 1. 47.

611616666661 11166666166661666 16611 6666161616, 16666666 nov.
16661 az 1166166616 1611666666 »161161 azert 1636616616161 66 6 1616636
6661661 1666661661, 6636 In serio 13666161 16 6 6663161 6666666661
666166 66 6666166 norint 6 16166161, 161661 66 3666616661661 1663616666

’ 6666666666 timeum 6 mmmm, 6666 3606666666-
6616616666 6636616161166666 66 66316636666666, 6 6 111 16666 6166661,
minden 16166666 661161 66616666, 616666, 6166616666 61666 Τ. 1. 61616666
16636166 6611 6166666166.

⁸) L Tfirv. 6616666 XXVIII. 116661 6166666 1101. jan. 766 Boou·
by 6166666116, 1636 2000 6661616 1111666661 16666666.

⁴) Is. ’166666661 661666666611111111.

 

