518 0001011 00001001111000.

1101000 00 10101010000111 10100010001111 00 10101010 1111001
111111 00 10111100, 11031 1031010000100 00011 1111010101 0301
110 1111111111 1010, 0301 0001101 0101111101 00110000 003, Κ11011
Βο11100011 10 Ηο10031 Βο11001; 0011 00011 0301 10111 000111
1100011001, 0110110 1000110011, ki 03010011 000 1011110 103100,
10 0301 hit 0001101 1111110000 003, 01101 11111011. Mi 11031001
00311111, 00 1010101 Κ11011 Βο1110011 00 1101101011 10 003-
1301110 Im 00 bestie 01011 1111110110 1011111 1011, 110001010101
001010101000011 011011 10100, 01101101 0030010101110100

1. Testis. Bakcsy Βο1110011,1111. 1111110110011-001111, 1010-
10001 100000 001. Μο011001Ηο10031 Βο1100,00 Ηο000001
Βο11010001011011 11031 11111011 1010, 00010 111100 (111131, 1031
01 10103, 11031 1100010 000 1111 01; 00001100011111011010110

0001011 Ηο10031 Βο1100, 11031 00111 000 10001010,11031 1100
101111, (es 0001011 11100 (1111131, 1103111131 1100; 0000110010-
011010111 0 110001 1031011,11031ὀ 0110103100 10 0010103101
Ηο1110, 11031 menda 00110 Ηο10031 Βο1100, 11031 Ηο000001
Β11101001 00010110 10100, 11031 111111101010001030110000·
100 103100, 110 10100 0030030110 003 10 1100100. Μο011 00110
Ηο111031 Βο1100, 10 000 10100 101 11310 00010110, 11031111-
0001011 10 1011111100 00 00011111 00 000310. 11001100110 Ηο1-
0031 1101100 Ηο000001 Β11101 10111, 11031 1110001 00 11011.

Ηο1101100 00110 Ηο10031 Βο1100111, 11031 00010110 001, 11031 “
00 mely 1111111 00 010011101001100111100101011, 001003101101- .

1111, 00 1001001110 00 011011 0111131011.

3. Testis, 11111111 11011100, 1111, 011101, 1010100 01 fassus
est. Hallom‚ hogy 0100110 1010 Ηο10031 Βο110οΗ0000001
Β1110110111, 1103100 11111, 10 000 00010110, 01 11310. ’

4. 100110. Βο1 1011001111, 0111101, jur. 01 fassus 001Ηο1·
lam Ηο10031 Βο1100111 11031 00010, 11031 1110001 01011110-

1011 00 11101110, 11031 11100 110001· 1010101001 1111011, 0011 00011 10 ¹
10111111 11011 1111111011, 0011 Ηο0011001 Β11101 11101010 113301 ,

1011. Ηο1110 001 10, 11031 001111, 11031 11100 (11113111 0111111.
1030110, 011Ηο100000103100 0030001110110 00110011 Ηο10031 ¹
11011000011000100010110,11031 01111 0010110001] meg. Μο011 ³
00110 11010031 Βο1100, Ηο000001 Β111111 0001111111, 11031 0 0011
0100111, 1010111111οο1Ζο130001001 01101, 001 10110100

 

