1607. 1611. 10-24. 339

’ 161116, 616161166661 1161; 661616116116161166161 6161-611-
1661; Κ6161161 66 Η6611161 6 1161 166166 1611161161 111161
1116116161111611161161611161 mindig Homonnai 16161 166-
, 161;11“116161161116 6 6166161161 6 1611616166 6161611661 6661.
61666611611161666 1666166 1661 1611 11661116 16116661
1611611 66 1611161161661, 161611 1611611161661 161661666116-
, 1611116, 6616111161166661616116161661,1661161616111616116-
Ῐ 16111166166166611616166161666,1661161611616616161161161611-
1 1611 fij 611611616111161611161611666 161616 6 egy 61661 1611611-
’ 1661161, 62 61116166616111161161 66616, 116116161161 6 11611166
6161161611 161161166161161116161611616116666 1161161 1161-
is, minthogy a 16111161 661161616111161161111616,61 16116666
1 6611611 1611611616163611161.
³ A 1616661611 116116611ὶό1 6111116116116166611111161116 6
¹ jus ligatum 6116116661611 Mig Β6111611 Zsigmond 6116661611
1166611161, 16161161616666 minden 616161116166, 16611 Ρ1616116
1 1161161661 1616166161 11116611, 6 166 ligatum 16616116661 6111·
1 16116. 1166166611 6 Β611161116161616116161 1611 11111611666,
166666661616166116 611 6116116111661616116111661 6611 .
1 1161611666 61161161611611166 1161661161 611611 166161, 1611111
16111611 61161 16 61616666, 116116166111616611161 6111611 Β6·
11611Ι61166, 116616 66 Β6161166116166 Β6111611 (1611611 1116116.
“ 0161166661 616666161 1116116111 6611 616111666161 1611616116, 6
111666 1616161111 611166161611111166116 16161616661, 6161 61 616-
pon 16116, 11611 1161616666 111616616161116116116. 611166 61611
1611 16161611 16161111 1616611661 6 161666 16111616661, 66 611 ugy
mint 6 1616661611 1116616, 16116661 6611 6161161 6111111661 6
161661 - 616111616161616116161 1111611611 611616161161
61166, 11611 116161 66 (116161661616166661661611661616]
611661616161 1166611 66161161 61161116161611 66 6 1166161161-
16111 611 16116161611161 16161161, hogy maga 61 6 1611661 161111
6116161666 6166661666 1611 Es 61161 1611161161661616161·
16661616161 611661666 66 61 6661166161 16116166 61161 1661611111
1611 1111611611 116161161611 111166661, 11611 6661 61 116166366
6616 666611616116616661, 611661161 Μ111611, Β6616, 8161611, 6
6111116661 6661661161 6116611616661. 111161 6166 ligatum 6661

61111116, 6 nem 6111116116 16111 6611611611 161116116116616
1666111611. ,

11*

 

