1601111. 25. 65

1031111111111111111111 1131111111, 1111111 sem akart: 111
1110111 11111111, 11110111 1 00111111110101 111311111111.

Igaz, hogy 1111111)111101111111111111,Ι 11111 111111 1
1111111. 1111111111 11111 1011011111111111111111011111111

“ 11111 1111111111111111111111 1111. 811111111111 11, 11101111-
= 1101101111111111111111 11111111, 1111111101 11111111110111

11111111111110111111 de 11110011111111,1111111111111,
1111111 minden 10111111] 1111 1011111 1111 50 1 minden 1111-
111111 1111 20 1111111. ¹) 111 11111111 11111111 11 1 1111110111
3 is az 11111

1111111111101111 Β1111 propositibja 111011111111111
11111111111111- kik 11 1111 1111111 1111, 111111 1111111 111·
1111 1111111.

’1111111111 11111111 1 111111 (11011111011111111 11111111
¹ megjelentvk joszstgaik ι1411111 01111111 1111 11111101 11111
’ 111101111111111111111111111111111101101111111110111 1111111
1110 111111 1111111 0111 1 1111111011 summa 1111111111011111-
ἷ 11111 1111111, 11 1011110101 11111 111111 1111111111111111
11111111)
1 11111 1111113111 1111111 kap, 11110111 Β1111111 1111111,

⁷ 1111111111,γ 11111111111111111.

; 110111, 1111011 111111 1111 meg 1111111111111111,
1101011111111.
³ 1111111101 11110 1111011 1111111111, 1111111111111111
³ 11111111111111 1111111111.

Κ1111,01111111111 meg 01111111101111111111101111 a

1 1110111111111110111 11111.
Α 1111010111 1101111111 1111111101111101111111 01 111-
1 rolja‘tk 11111111111111, 1 11 11111111111111101111011111.

Α 101111101111111 1 1 1111111111111111111111111111

1111111116 1111111111 1111111111111.
Κ1111 Β1111111111011101111101, 11 1111111111111111·

ζ 1111111 1111111111.

1) Δ 11111 11111111 11111111 1111101 (1604. febr. 12.) vagyouosnak

11 11110111111111 1111111.
111, Weiss Annales 11111111,Τ111101111111τ11111111. 167. 1.

1111111101111811111111 1111111111. V.

 

