1601111111. 18-25. 331

111111 11111111 1131 1111111οά111 ο1ο1111ι 11111111111111111
11116111 1111111111111 1 1111311111, 11131 1111111111131111111
1111111111 11111111111.

Hongedig 1Μ131111111131 111111Η111111111111111111-
31111 1111111111111111111111, 11111111111 1 11111111111111111111,
1111111111 1 perek 1111111111 1 1 1113111111 1111111111111 11.
(111131 nnpjakor 11111111 1111111111 1111111 1111111111 1 most
1111 1 11311111131111111111 11111111111.

Az is 111 1111

1113111111 1111111111 11 11161. Az 1111111111 1111111 1
111111 1131 111111111111 111111111111111111 11111, portalis 1116
1111111 111111 11111111 11111111 ki: minden nagyobb 1111111111
1111111111 111111 1111 10, 1111111111 1111 131131 11111. A

111ο1ο111 131 1111113111 11111111 11,1 1111111111 minden 11
1111 60 111111.

Α 11113111111 1111111, hnrminczadok 11161111111111·
J 11111 1111111111.

3 A 11111 111 111111111111111 111 idei 111111111111111-
3111111111
1 1111111111 11111111111111111; 1 harminozadosok 1111ο-
, 1111111111 1113111111111; 1 1111111 1111 11111111111 111111111·
1 11111ρί 1111111 1111113111111111, 1 1111111 1111113111 1111111·
5 3111111111 1 1 111111 111111111111111111111311 111111111111.
Ῡ Α11111111133111111111111111111111111111111111111.
A 111 1 111111111111111113111111111111111111,113111
1111111111
1111111111 1111111111111111111111, 11031 11111111 1-131131
1111111111 11111111111 1111111111.
A seJednlnn 11111111111131118131111 111111111111 111-
111111
J 111111111111111111111111 111111.21-111111111,1)1
1 1111118111111Β111111111111111111111111111111111 1111111
111111111131111111113111, 8111111131 11111 1111111111 1111111111
1 (111111 ,1131 1111111 111311 11111 n 11131111111,111131111-
111111 Κ111ο111 11111111 ,81111111 a 11131111111131 1111111111
111113111111111 1131111 1 3111111 111111111.

111111111111111.

1

 

