1605. 36636 25. — 3333. 1. 381

3633 6636 66666336 6666333366666 66 3663366, 36336366363
336336, 6333133 33 66336336 636363 36633633 66 6366333363 63363-
636333336336 is 36633366366336. 3333633633 336633 immin 36366
6336333363 ide be 3336633363, 3333333 663363366663 36663 633-
6633363 6363363, 3633 36336366363 36 633 33666366 363366 36-
1 6633336 3333366366 6666633663, mind 66663 3633 3633636633 36
66 33 66336336 36336366363366 3633 6663636333, 33163 vali 6663-
3636636663333 36 63363 366366633663 63 333363 66363366,
’ mind penig 33 66336333333 6633363 63363633 6636636333, 363366
3 663633336663 36 3666633363 363336333663363663 rendit 36 6333-
3 333 6633333336 3363663366333366.13666636633333 36 3633663 3333
3 6363, kik 66 3333336663 663633633633636313366633666316363,
3 3336363 3663633366 3633 663 6366363663, 666663663663663
3 6333633366, 33363 633366366333 36 6363663 mentientem· 36 36366
J 363363 33336 6636663333 633 3336366363 vigenni, 3633 mind
66 mi 3333363666 63663663 363336, 66 666336 3663363663 663-
3 6666663633663366136363366633613636 3636 3336336336

3 363366, minden 63333 6633363366 3633663633, 363363663 363363
3 memini Annnk 36363 336 663 6363363 663 36 33363 633666666
J 333336366, 33666333 6663, 66 kik az 63 363363666 63663663 66
3 66 663363· 666663633663 nivei es 36 636363, 3633 63333366
3 annm, 66 kik 66 3333633663 36 6636636663 6363, 363363 66
› 66663 333636636366 63363 666 63636633 333663 (33336 36 666
J 3633363363 636 36633366336363 366666) 66 63 363363666
63663 33363 3333366636666663. 163333 663333 36333336εά63 66636-
363363 66663333 ὅ 66336333333 663363 63363633 663366336663-
bil, 3633 3633636633 36 66 33366333 63366663 8. 663336 az 3333
666336 6666363 3366363366 363366 36366, 3633 66 36333 636366·
366633 3363363333 33663333666663 36 minden 333 36 3336636663633
’ 633 633 3663363363 363366 3633636633 66 63633, 3633 66 mint 66
66663366663631636336 3333636, 36366633 663366 36336366·
3363 33363363, minden 33633 6336636663 666333 3633 33663363
363 36363, 6363333363 36363366666 oda, 66 hova 66 66333633 ki·
· 33636 3336333 penig 6363666363 6633363363 6363663 66 3636-
3363 33363, 3633 363633 erre az 3666333336 33333636 66333 666
3666663336 (3333366 666363 66 333663 3636363363 633 633336
3366363363 36363), 663 mi nem 3666333663, 36666 mind 63663-

nain 6336333663 mind 66 6366363663 363633366663 6366633363

 

 

