264 1611111 666116616116611.

Articuli dominorum regnicolarum trium
nationum regni Traneylveniae in 36161611-
bue eorum eomitije 611 diem vigesimum quin-
tum mensis Jenuerij 6116 11611111 millesimo
sexcentesimo quarto unamini 66166161 661-
elusi.

Μ63611611111 1631611166 111111 16316636111611611111161
1111111611 11616611161161 61 mi 6163611 161611116111111161111
1611661661161 16 16116111 111116161616111611611611 61611 pie·
161611 61 benignitatem, 66 6116361 61161663 6116116 1163166·
3611-161611611, 1616663611611 6 3161161611611 6161361116166
11616161611131161116161 661613616116661 11616 1611611111 116-
31611166 1111116 1616636 61161, 61 1161611166 66 316116161161 g
161161 6666161 mi 1631611166 fejedelmenk 661631663611 elien '¹
16 1611111161, 1111661611611111111 6 1616636161 16161663611
16161116116111616163161116666361, 611116163166366161 61161
16316666361 16116111 6161161,16116136116111116161161 61161-
nappin, hogy 1661111616 163166 361611661666611 661631611166
6636611 16316636661 661613 1163161166, 11631 6116111611616 6
1616636161 ez 1111631611166 1111111161, 61 1161611166, 3161111161
161 6666161161 1161311161 116116166116, 61 6161611 16116111 1616
11616661 6616116116, 1161161111111 ennyi 6611611666116116
6616116661161611111161 1611611611, 1116611161 16316 163113
1616161161 61161611111.

(1) 11611111 61611616661111611631611166 1111111 61 1116116
16111161 11161 163161161666161, 61 6116166316161111161611616
16611 1616166666161, 1631 nem 116611 663616631611616111111
61 66111111116,1616111161 616111616 66 1163116161166616.1’6
1616 6111116 116316111611111, 1631 6163611 1611631111131
61116111116161, 11631 1361 16166161161 16111111116311631
161 611161; 61 hul pedig 161161161616111 1616661, 6116116116]
111161163161 61 1116116 16111, 116361111111611611616161161
sem 1116161161, 111166161161, 11631 11116611631663611 1661166
1616166361611 66 1161611161 16 meg 16 16316116111111, 111611
1631 61 1116116663 111611 1611161611 6161111 61161 nem 16116
11111, 13111111 minden 1161166 1611631111161 6116161161 16111,
1161161161161 1161111161 16111 An szabed 16166161 1116361116
61116161 61161-6116116111, 61 6163611161 1161616116111

 

