1601. naeuus 1. 85

1611111 9111111, 1111191911 arra 191911911013111110130111011 volt
11111111 1111101111 is vala 1131113011111 1111311111, 1111111111
111111111111 101111, 31110301, 119 1111111191 11 111111111111111·
1911 13911 9101110111111 1111191, 111111111911111111111111111111-
1111191 1113 119111 1911111101, 0111 011111110111111111111111
1ὃ111119; ὄ1111111139191,11ο31 11 1111119111 111111.

Α11 11 1111011111 9111191111 1311911911, 1031 Ζ113110111 111111
111111111191111111111 1391 10311111ς arra 11 11111110111-311103
1391 911193191111119111111; 11 11 hamar 111111, 11111 1101311-
1111111111 1131113011. Az 11 1911111911 az 10111, 1031113111·

’ god 11 19111391111111111111·11’>.311119,11ο31111 Κ11111 11111111 11-

111111 919110111101, 111111 11311130111111111191911031111111-
1111, 1111101 1111911 az 1111111111,11111111311130111101111·-
10111111, 111110111111 11 111013. 11119111, 1119111391011116-
dot 1111111111 1191119,11031 1111111111 ezer 1011111111 az 1111111-
111 1111 119111 191191111131113011 11111111Κ11111Ρ111911-
11111111 11111111,1111911 1191113391 ment, 1111111Ι 11019101 uram
11 1111119119 931 111913.

Β1111111 (1111131 az 1131111301111013111111331131111,1’ό
1111111111 1011 111 8191919191, 11111111 031 11111111111111
11111, 1111111391 11, Κ11111 Ρ111111 9311111 9111091111111, 1111119111-
’ pen 1111111301 11111111 111111103111111110111131111111191111,
³ 1111311111, 1111011011 11 11311131 191111, 111 1131113011 1191911191
1 311111191119111111111111111111101101,11111111031 1111111, 1110111111
1191191. 1111111111 1119111, 1131113011 91911191 1111111111111911111·
. 111111, 11130111 10111 111101 111 11111.1111111111111001111111111-
, 101101 911111911Κ11111 Ρ11111, 11031 az 1111 1111191 mind 111111·
’ 11011 11 11311131 191111, 1111111111 11111111111111191 1111111, 1131·
11301111 111111111119311116111011,11111191111119111 Κ111111Ρ11-
111 1111111011. Κ11011 1111111111 11111113 111 1111111111011 1111111111,
11111 111111 11311130111101 19111111111011. ’111111 11103 11191
113111301111101113 js) 93111113191.1)111111 911 Felsss-Wadstsz,
1 1119 1. 1111011. Anno 1601.

1113111301 11013111
11111011 Lajos m. p.

 

