136 11111111 61111661111111.

Η11116161116316 61 Kartnsebee tartemtnyostnt Lugas
6161161161 1111616 11613111611111 De 1611613611 613166366-
161, 163161 611 361616 1111631 61 1163611163161, kik 61 61611
1116111111, 16 11616116166 16 1611616116, 61611161 1161161611 16
611611, 16 61 6161 61611161 16 1116161111161161.

An 11116 pedig 1631163611 6161161 16166166161111116,
6161161116 tempore 1116116111 16161161, 16311616111361 111611

¹ , 611161 616161,1161116161161111616161161.

(6) ’.16166116 6616 1631163611 61611161 61 8161611 166161·
1616161616661116161611616161163661161 1616 6166116111, 11631
61 Κ61611616111616 1636161161 61 6611661111611611 1611161
116361, 16116311611163161, 6161161 6 1611636 heda 61161 16116-
dett 16116, 11161 61 1161 meg 11161611161161111 163116366-
161; 66 1631163611 61616111 1163161111161, 6161161, 6 kik
8161611 Μο1161161 161161, 161611611316116161161116111, 816
1611 Μ611611 161113 1161 61366611616111611161616161111116
11161616] 11631616111116116, 61 nem 1611111611116116116111163
is 61 6111631161 minden 16 6116116161 1361116116 1611; 1161161
8161611Μ61161116311611 6666111611 16116, 16161 63611161611·
1161163 61161 161161161, 61 pogen 6116116316116 1161116111,
11161161 1631163611 61 6 611161616161 1616 (16116616661111
111611 16111111 mi 118161611Μ6116116161611611616 6161616·
66111, 611 11 61161161, 1631163611 11116 16 1111616113616111
111611616116111111 11636161 1 mind pedig 6 1611636111] 161161
6161161161; kiben 11161111 16116, 1631 8161611 Moyses meg·
meredott 16116, 61 istene, 1161616 6116111616 61161 11161 61161-
1631611636116 6616 16116 Μ611 616161666161 1111611161 1631
nem 16161161111, 6161161161 8161611 Μο11611 tanquam 61111·
sorem 61 traditorem castri finitimi 1631111116 66116116 (16-
61611 ’1111611111 in 1616 infidelitatis perpetue et emissione eapi-
tis 61 omnium benorum 6616611611111616116.

(7) An mi pediglen 111611 61 1616161 1161361, kik 16316

1611616116661116111611666111161 166, 1631 11161 1116 161611
61 6161163611166111611161 16161161, 16161111, 1631 6 11161
ide 61 6 1611636 116116111611161 1616 1161161161 6111161 1616161
11116161, 61111 ki 6111161 61611616 61 ez 611163 6116116116 61161
16116, 61 61161 161666 111161 61 16161, 6111611161, suppri-
116116 61616311616161 nem 116616116116, 1631 16111616

 

