444 0111111111 00011001111110011.

Bocskay Miklts 0101110011, hogy a 0110011111 100001100111111100
10031111 01111011 1111101 001011000011011, 01 1110311011 1010101011-
11011 10100, 011 sub fideli custodia 0031111011, 10 0011111001 10-
01001111110, 00 11101011011011 1101011111, 00 0011111 1101011000
10111110, 11000111 0 1110110101ᾶό fejedelmtnknek, 111101 11110101
1101011111 10111101, 01111011 fideliter 0100000111110, 101111100011111·
11001300 01010300101011 0111003110. .

11110011 1010110 Boeskay 1111116001οι0 minden 1011010131-

101 0100 1033011, 0110111031 1011111 01101 100001011011011 1110011
1103101100 kapittnyja, 1001301101 101101100100110111111011,Ε1·
(11110011 0011 0110 11111 0101011111οἱ 1111010000, 11010000 1110111
1110111 1111101111οη Κο10010110, 1111 110 00111 000101010011110-
31010101, 0101111 10 01 01011310 11001 1011101001,11031111111011
1110110 0100011000111100110110110111011110111οτ1 az 010113 0101111
10 0103110 11001 30111101

(10) 1100101111( (1103101001 03101 0101113111 0110111110
10111 111010130011 00101110110 Βο10001 11010001 01011101 1οΗ01-
11111Μ1110111 01011110, hogy ha az 111011, 1031 1101030130 1031
031011 0110111111 101111010111011, 0011011110.

11101031010101131 01011101 1016 111110101311011 101111011το
1001011111 80100013181301001101011101, 01 01111011οὁ3 111111
110101Ρ11011 5

(11) ’1101111011 01 10 01011301, 11031 ὅ 0031030031110111- 5
110111, 010113001110111 expeditljffl] plena authoritate, ki mind 1
1131010101, mind 0011303111) 01 0101131101 101101100130101 1
1101111100 meg, 10 01 11011101111101, 01011100101101111111100 ξ
3101, 01 ujonnan 1010011011 gubernator 0101110101 00 01 010113-
00111011 1111013110 003001111000011, hogy mind 01 111010 mind ’
01 11000010161101, mind 0111130131οη 01011310101101111011110011
0001110011 1101011011 110 01110, 11011010 gubernator 0101011011 10 az
0101030011 101100 meg.

(12) Μ101111031 0101113111 01111011 1111010101 11000110
1110011011011011, 01 1111111011 1111111 10110 1111011 01 10011101 0110111-
1101101011 111110 nem 111101110111011, 0101103101111101013301
0001111101( 1011 ide 0 3111001100, 11011001 11111011 11113 1111011101 .
1011001101, 10101011 1 kegyelmeknek 0101031111031301101-
0110101010 031 31010 000111 1111111110 11000110 az 0111111101, ki·
ket 01111010100101000101111111111001000110310, 0100101110οι

 

