12 11161111 6661166111116611.

81116116 11616 611116161616 1611166161161611Β1616
1611111611, 11161161 61 61 61111111 1111616 616116116116 6 111611 116-
(16111161 16116611611.Ε 1611116611611111111616161111616111111111816-
16661111 111111116116116,111161116111611161111,1) de 161161111161
66611Β16161611116161116. 111111 16 (11111611 1611611 6 1111611111,
6 61 61111161, mit 1611611, 61 16111611 1111111, «161111, 11111661,
1161111-8616616111111111 161166 meg 81111611, (16 6116161111 (111-
1611, Κ1161, Η11611, 1111116166 6 6 8111611611) mondjon 16.

1161111161 1611 11611611 6161116 61 6116161166611, 611 ne-

. 1111 161116 16611611161111. 116166111111161116 1111611111 16, 6661111-

1111161116161111161 1611 161116 -— 61111111 6116111161 Β161616

81111611 6111116611 1111111 1611616116116111.81111611116111 1116-
611611611111111111 116616; 11611116 1611611111 1611161116 elfogadni:

1111111161 1611
S 116611116161 16111111111,61111 11111 1161111Ε111116 11-

16116116] 11111111 116161111116161 61 6111611 1611611111 116616
11111111.

Hogy Radulban 11611 1111161, 8111611111611161611111161-
6616111611 61161; 61611161 1111166666116 1161111116 11611611
hogy 111111 61161611111 ne 16116866616111611 6111116, 11611
Κ161161 8161116116 6 Basta 11 111616616161111611116116,1116116
(1111161166 1161111 Deli 11161116) egy 6661611616 61161 11166611
16166111166 111611 11111. 5-111 1111166111, 11161 (1111111161111ι
Ρ1116111116111ὃ11.’) 81111611 16 Β611116 8161111611 1161111
116111 1111111111 61 611616116111611 16 6 16111611 szomszaessdsagot
61161 16116111, 11616116 1611111 1616116111611111661111111111. A
16111616 16111161 11161616166 1111111161 1616111111 61 6161116161
11611111 16161111611111. 21-111 6116 1111616161 6111611 1161611111 ⁸)
61161111 6161111111 11111 1616161111 8111611161,111611161111111111
111161111611 6 161111.

De mindez esak 81111611 6111161161161611 6111111116. 116-
dul 11611 nem 11116 116616 6161616611161111 111611, 111611
61161161116161111611 66616161161116116111616116111111 1111116

81111611Μ611ὀ1, Bogsstthyt7 Imeeset 6 Β61616611161111111 11

...m-...³

¹) Β161116611111ῙΠ. 152.
¹) A ’.116666111616 1116111116 222. V. ὃ. 8161611111 ΙΠ. 171.
³) L. Tbrv. 66 116111. XLV.

 

