158 0000000 mmmmm.

0001001 00100011000100 10111000 010 000101, 1000 00 00 0000·
001 00 01000011010001000100 00 penig 00001100001001101100-
. 100 az 000000001100000000001 meg 001000011000001; mort
10010010οθ1 010 101001, 1000 00 00010 01001 00 010100 000000-
000100 00 00010100101000110001, 000100 0000 00100 0000
10010 0000 00001 10101000 000100010101000, 00 0000000001·
011 00000 0001010111 0010 010010000001111101 01001101 111001
1000 0000000001 000 0000100110 000001, 10000001001,11100
010010000 00001-0001001101111, 010001001011000000001 00
0000100001 10000, 00 1000001 10 11100000010000000000000,
00001 1000 00 1010000 00110 01 10101, 0000010 000001011010000
0001010100 00110, 000000001001 0000001001001. 1100οὃ00001
000000001001, 1000 mind 0010001101,1010001101 00100101·
kal 00 000000000001 10 001 00010001 0001000000000001101101-
001101 00100, 0101000101 00011100110000

(4) 1110011000 00010 00 00000000 10000 000100 00001001
11001010100010001101, 0000100100010 00 0011000001100 0110
10110001 10011101, 1100101100οι 00 0001010000 1010101001, 0000
00 010 0001010οὶ01 00110110 nem 000100110110110111, 000000-
0010011000000101, 1000 00 0010000000000100 00 1000001
0000100001, 000000οο1 000100 10100 010000 10100100 0101.

' (5) 10 00000 000101 0100011101 00000001101001 00 110010
00010 000000, kik 000110100 0000000000,10 10100000 Κο101000
- 0001100, 00000011 101001000101, 11010001010001010100001,100
0000100, 1000 00000 00010101 0101000101 00 101001000οΙ 10101
1010110001 00100 11000000010000010101000 101010, 1000 001010
010100110100000011000001, 00 mi 0001000101000000000000·
001 0110110001, 0000000010100000000 00101, 00 01011000
10010000 010000001, 000000οο1 00010000 01 0101, 101011 sommi
11000000 0110001001 0000 10010001 nem 10000, nem 10 000110
1000 00 00000000000101000000001001, 0000111001 ’

(6) Ρο000001101001 001 0100011101, 1000 0010100000
10011000101 011000000 0001000101, 0001101 0000000οε00 00000-
0011010001001 00 00 00000000000 01001, 000000001000000001000
00001000 az 100000001000 01011 minden 1001101 00001000010011-
0000010100100101 0000010001, 00 00 moly 00 000000000001 mar· ’
10011 011010010110 00100, 0101000101 00000000100011100110000,
10 kik 00010 nem 0011000000100000000100010000 01 0101.

 

