1605. 1111. 26.

XXI.
16061163. 26.

Baua aanor, 11616613 1113661611 1161666616 menime! 1111111.

81613116161161 6311116111 1633611616611, mint 36611616

1161111611, 613661616116161161 1163361ωώ161 1166616 616161 66
36 6161616666 6366116361 1111611611.

3 111116336116611 1616161 16661161161 1611611, 1111161 166361·
1611611 Κ6166116661 Ρ11 mit 6661616166163361 61 lugani 1116·
16111161111111633 1161161161] 1163 6161616111613 nem 36161161·

tam, 661161 1166611611 16316, 11633 11361 166166611166 61161161 611
’ az 11633 161 1111161611 1611116116, 6 1111361611 16 1111113611 11163-
ff 1116111, 11633 nem 11611611 161111 1611111,6111161161161,1163316-
÷ 1611 1161611611 6316111611 16116 61 116131, 11111613661161 11633 1163-
3 1616611, 61 16161161161111111116116611611161 66161161 1616613361
3 1111116161111161,116136161616166361161 161’1611111(1611;11661
3 6116 6111116111 111616163316336116116111611611161161111

1611116666 1611636161( 1633 36161611661111611, 6161111611 1111611
3 161111161111161161116116666161161111;116611116116316166
3 1161166666,6161163361666116616161611116311166116111,11633
3 61 11161611161661311,336116611166616116111163611666666111611,
3 mentha meg nem 6661361611 166161 bizony 36116136,1661113361
3 1163111611 61 6161611, 11633 16316 6111611 661611616116611116·
3 zek, 1116316666 mit cselnkedik, 116 16361136, 616111 166166 hasnon,
3 116 3161113 nem: 616113616161,1)11663 nem 11611611 16116 61 hit·
ζ 1613 6111161161 611 1111161111. Az 1633611166 1611611 1111111611 161-
3 616111616161161 66 6666616661 1661611. 6636 6136 161616116-
; 336111661611 1163616136111666611, az kegyelmed 36 63666636-
611,1163361616(1 neve 61661 16161 6366663161 611161, 1163161166-
16166666161661161361161. 1763616116 633 111 1616 Β611161 161166
1616116 uram, 11633 1633616166 16161111 633 6611611316 16161111
1611616111, moly 633 161661 pap& 1611, 1611616 633 61161666-
161116, nn 6113616611611611, 633 mint 161161 61161663 1661116361,
3 163361116116111161 166 ne 16161161361,111616 61 611616 61 6361116-
3 1166 Κ633611161111611 fij 11111 611111161611,11633 (1361611161611
2 136111 igen 3361616111, 616166116116163361161166161 1111613111

 

