406 11111111 111111111111111.

VL Α1 1111111311 1111111 1311111111 minden 111111-
311111, 111111 11111 1111 1111111111 terhe 1111111111111111111
11111111 111111 111111 11 111111 31111311. De 1111111131 11111-
1113111111 1111111 1111111111111111 1113111111111111 11
111111 3111311111113111111111111111111111111111111111111
111113 rendelje fel, hogy Κ11111111, 11111, Το1111, Meroe-VI·
serhely 11 Nagy-Benya mennyi 11311113311 11311111. 1111111
11 Debreczen 111111111111311111 1111111, 11111 1111111111
1111113 11 1111 1111111111111111 verae 11111.

VH. Mind 1111111 gubernator 111111 1113111111 1111,
1131 111111 1111111111, 111111111111111, 1131 113111111111 ez
mi 11111111111111111111111111 11111113 1111111, 1111111111
11111111 311111111111111111111, 11111 11 1111111 11 ede 1111111111
11131ηῶ1111, sem 1111111111 nem 1111111, de 111111 1111111
minden 11111111 az 311111 1111 ugy 11111111, hogy 1111111111 11
11111113 1111111, 111111111111 haze 11 1111131111 1111311111
1111111111111 11 11111111111111

VIII. 1111111 11131 1111111111 11 1111111111111111111111
111113 11311111, 11111111 1111 11311111 11 3111111111 11111111·
111, nem 1111111 11 11111 1113111111 mie 1111111111, 1111111111
1111311 11111111111111, 111111111111 11 1111111111 mi 111111
ode feljebb kellene 11111 1111111111 11 111 1111 311113 11111
1111 1ο111ο1 111111 1111111111 11111113 1113 11Ρ1111111ο1 uram
1111111111 11111 11 111111113111 1111111 31111311111111111
111111, kik 31111111111111111111111111111,1111111111 11111-
113 1111111, 1311111111 1111111131 1111311111 1131 11111
11 11311111111111311111.1111111111111113111111111 11111111
1111111113, mind penig 1111111113 fejenkent, 1111111111, 11111-
111111 oly 1311111111 113111, 11131 gubernator 1111111111·
1111111111 1111111111 1 111 az 11111113 1111111111113111111111
111 1111, 11 311111111111 Ρ1111 uram, 1111111 11111111 vicele
11111111 11111 oda menjenek‚ 1111111111,11111111111311111111
helye 1111111 Az 1111111111111111 111111111111 1111131111
11111111111111111 1111111311 11113111111111 11111 1111111111
11 gubernator uram 111111111111111, 1131 1111 1111111 1131
1111111111 1111111111, 111 111131111111ς nem 11111 11111111,
1111111 1113111111 1111311111 11111 1 1131111111.

ΙΧ. Ε1 11111111 111111111111 Μ13111111113 1111111111

 

 

