1601133 10-24. . 499

333 3131113, 13 33 33133 13113113 333, 33 33133, 13 privata per-
sona az 11331 3311, 33 1311333313331133131.

(16) Ez 3311333331 31311,11111313 3331313313333111113333
11331311 Ι133313 133133131313, ha 3313 33133 33331313 3333
331331 333313131311 33131, 3333 33333 3333 31313331, 3333
3131311313 tend, 33 31133333 111333 31113 33331, 3131311331111
13333, 3333 333313 133113 11111, 3333 33331111 11331111 3311311111
11333 331 1333331 33313311, (13 33 313113331333333111311
333133 331311 33 333333313333113113, 33 33333333313333331·
13113, 1111113, 333113, 3333 3131131 13331311, 3333111311, 311, 313-
1311, 33111311, 33 331311 33333331 13313113, 3333 13131313 33
311333331333111, 331 33 3111311331 1333111 13, 3333 1313131, 13-
13131, 3131131 1333111 (111131 1333131 331311 3333113313 3333 331-
1133313 3111, 1313333 3311, 1311 1311, 3333 313131131331113133
(131331 3313133311, 3333 33313133131311, 3131 131 111 1131313133
3333111333313133333311113 1311333 1333311313 13131 33 1133331
,- 31133 33133313333331 333 3313113 131333313ᾶό 3133311131 33
33333333 1333111, kik 1113311333 1113333313 133333 3333333331
13313133, minden rendek itt 1131313133 3131331313 1131331131
“ 33313131133 3113113333331, kik 3131133 33 33113333131, 333133-
331311311333333133 3131 313 3113131, 33 3113131331331 1313333
3331331133331, 31133 13 13 31 311313 1133331133 13331 proces-
’ 333133 33133 13, 33 3313311 33 1313333133, mox 31 (13 13313
’ 3333 3333313111 31131 3133331331 3333331133331; 11333313 in
’ 331311 potentia 3331 3333131331, 3133333133 133333, 3131133111
2 3333333113331.

(17) Μ13111333 333313 papok, 33313131, (133131 33

3333133313311331131 extra limites vocationum suarum 311313
’ (111131, 13131131, 1333131, 1333133111 33 1313133313113113333
3' 3133311333 31333131, 33333 33331131 31311131 33333 33311111

ἰ 111111311333131131,13131131131,1331133131 33 minden 13131- -
3331311331, 3333333331 333131331311 33333111, 1333 33111
331313133 1333311131 Μ11313 333113 13331313131111133133, 33
131333311 1601. 3331313131311 articulus 1311133331 3133, 13313331
ᾗ 3333333 33, 11333 33 333113311331131, 111 311313 333333 333
1 13333 313331131131 3333131, nem 33 3 3331111113 33313331 31311,
,. 113333 3333 33133333 333113, 33 3313133 131331, 33333113133

32*

 

