1101111. 1-1. 435

1111111111 1111111111 1111111111 11111111111111, 11111 az 1111
11111111 a 111 1111111111 11111111 11111111 1111111111· 11111,
111111111111111 1111111111, ο11111111111 111111111111111-
1111111111 1111111111 111111111111 az 1111111111 111111,
111111111111 11 111111111, 1111111111 1111111111, 1111111111
1111111111 1111111111, 1111111 111111 negyobbra 1111111111. Higy-
11111111111111 uram 1111111111, 11111111 11311111 1111 az 1111
111111 11 nem 111111 az mi megmamdesunkat. Nem 11 1111111-
111 1111111111111111 111111 11111111 111111 11111 111111 electio
111111111111111111111111,1111 11 1111111111 11 11111111111111
1111111 11111 111111 megmondeni 11 1111111111111110111
1111111 16 1111111111 111111111111;11·111 111111111111111-
1111111111111 nem 11111 enom is 1111111111111111111111
1111111 111111 1111111111 11111, nem 11 11111111 11111 11111
1111111111111, 11 1111111111 311111 1111111111111 11111111, nem
1111111111111 11111111 sem 111111111111111 1111111111,
11111111 kegyelmetek 11 111111 11, 111111 1111111111111111
, 1111, 11111111 1111111 ez 11111111 11111 1111111111 1111-
1 11111111111111111111111111111111111, 1111111111 [1111111111
J 1111 111111, 111 111111111111 11111 111111-1111111111 111111
J 1111111111, 11111111111 111111111 1111111 111111111111111
1111111111111. Κ1111’111111111 11111 111111111111111 111111
11111111111, 11 111111111111 11111111111111111111111,111111
11111 11 1111111 1111111 1111111111, minden nyughatatlan el-
111111 1111111 1111111111, 11111111111111 11 11 11111111111, 11-
J 1111111 11111111111111111111111111,111111 11 11 6111111111 te·
111111111 111111, 1111111111111 11 ὃ 1111111 1ό 1111111111, 111
11111111111111111111111111111111 1111111111 1111111111, 1111111
ξ 1111 11111 holte 1111 11 1111111111 1111111111, 11111111111
11111 nem istene az 1111111111111111111. Ι)1 11 111, meg-
1 111111 1111111111, 1 111 1 111 1111111 111111 1111, 111111
1 1111111111 11111111 1111111 mind 11 11111111 11111111-
J 1111111111, nem 111111 11111111 11111111 1111111111, 111111-
1 11111Β1111111111111111111 1111111 1111111, 111111111 111111-

11111111111 1111111111 11 1111111111 11111111111111111111
1 11111111111111 11111111111111. Κ1111111111 111111111111-
1 1111111 1111111111 1111111111, ha 11111 1111111111111111111
1111111, 11111111111111 1111111111 11 111111111111111 111111
11·

 

