5111 1111111 01111111111111.

1111111 11111111 111111 11111111 1111111111,1111111111111. ¹
1111101111 11111111. ²
6666 6666 1111111111, 111111 111111, 111 1111111. 1
Al6bb 1111111111 1111111111 1111111111, 111111 111111,

11111111 1111111. J
K6tszeres 11111 1111111111111,11111111 1111111111 11111 }

szeg6d6ttet, 111, 11111111 11 1111111111 1111111 11111111, 11111, 1
1111111111 11111111. ’

8111111111 111111, 111111 11111 11111, 1111111111111111 3
bol6j66, 111, 1111111111 11111, 11111 11111111.

811111 1111111 1111111.

Α1 1111111111 penig tetszik 11, 111 11 1111111111 1111111111 J
66 111111111111111111111111 1111111111 11111 ,11111111 11 11 1111111111 1

11111111111111111111111111111 1111111111111111111111 1
11111111, 11111111 1111111111.

111 11111111 11111 1,11111 111111 1111111111111111 1
11111111 11111111,

11111111111111111111111111111ιί 11111111111111111.

V6r66 111111111111111101111, 111 11111, 1111111 1111111. 1

11111 11111111 11111, 11111111, 1111 1111111.

1111 11111111111111111, 1111111 1111111111, husz p66666. 1
111111111111111111111, 111111111111 1111111111, 11111111 ¹
p611666. 6

81111111111111111111111 1111111111 1111111111111, 111 11111 .
11111111111111111111111111

11111111111111,111111 1111111 1111111111, 111111111111 1
11 111111111111111111111111. ²

Α111ι111111 111111111111111111 b6rb6l 1111111111, 11111 6
6616 6666 66 111111111111111.

111111111111111 1111111111111111-11111111,11111 ¹
(1111111 111, 1111111111111 1111111111 1111111.

Α111ι1111111, 111 11111, 1111111111111111111. ¹

Η1111 111111 11111 1111111111 1111111, 11111111111111 111· ³
1111111111 p66666.

Z 1111111111, 1111111 11111111 1111111, 11111111111 11111111 j

111111 ιιι· 111111, 011111111111 111 (11·111111 11111111 1111111111 ἶ

1111111111 11111111.
11111· 11111111111, 111, 110111111111,1111111111111111,

 

