1661161. 10-21, 501

norum terrestn'nm 1161 16 16116611166661, 16 meg 16116611616,
1611 1611616611611616116 16, 611616 16111116116 16 61611161.
(20) Nem 1616611611616661611 166116166111 161161
16616166161 61 6161611 116111 6116111161 111611,111161161161
161161, 11611 1116161661 61 1616611616116166166116616116-
16111116111161161161, 66 1661161 61611116 6111661 16611661
16161161 61611, 1611 ζ61116111616116116 6161116161;16116-
111 61 16166116 1611 6166166116 1611 61611611, 611 16 11616666-

161, 16 11116111616116116,1161661666111611616116161,66 .

16161, 66 116161 161116 16116161; 16 11 61161 1611161116 116-
161, 61 16111161, 1116111116, 161161161161 61161161161661
amissione 1616116 61 611611 616661 16111116666,6116161161
’ mi 1611 1661161, 161 611161 116116666161 16111. Ε 66116166
61 161666661666166166161 61616116616161161 161166116161, 66

61111 66116611 611166116116111166.Η61161111611116616 61161
3 1611 161116 116161, 6 16116616 61 1611611161111166161616-
› 1116116666 61 1161116116161.

(21) Ennek 616116 16 611111611 1111166161 6116161161,
j 16116616166111 1116611166611661616116 161161166661,1161-

T 1161 16 61661161166661611 poena ducentorum 1616161111.

, (22) Η611 1611661οό 616611611616161 (1611166161161
³ 16116166661 1616116116, 11616161161161161166161161 mint
' 1611611166 11111161.

, (13) 66116161 61661 616116 16 1611 1616166111 61161
3 1611111 61 616161161 11161 161616166661161611611111661-
Ῐ 61161661 16116161, 611 mint (1611611161, 1666161, 11616 161-
3 1616116161 66 16111611616116, 61 6111661161611611 1611161
1 1616161, seman 1611616161 6166611616, 16116116116166616 616
161166661161,6611616161116166616116116161616116161111611
¹ 61161, 661116116116161161611611 16161161611; 16 6161161,
g 16116111661161 61161, 61 1111611111 61 616161161; 16 nem 6161-
161, 11161 611611161161; 11611 (16161 611116661611161 1616 ne·
= 6166661161 66 1111161161161161 6161616616 66 1611 16 6161666
1611611 61161 161161 1161611111 61611, 16116111161161616-
1 166661 mind 111 Ε111611161 6 mind 1161161616161161111611661·
16161161611166161161, minden 161161161, 161111611 nem 16 Ι1611,
minden 161161161161 11 perpetuum 161161166661, 66 61 161116-
s 11616116111111161 16116161 minden legitima 616661161161616·

 

