1607. 1111110 26. 337

A 101111111 6110101101 0 301101 (1013011011 10111011 jobb
1011110101101 010110 1001111111. 1111011101111 0 30111101101111
1110101301 1111110111, (jffl. 10-111) 0 Veros Davidot 60 Weiss
’ 111111Ιῄ 10101161 11. 1110011101110 011111 0111301111 a 0011111 01
1111111101, 0 0010111100 1011611]0101 Ne 111101, 103] mint Mu·
rad 1110161011, 0 110011 1101011οη01 111 fejedelmet3 01011011103

11011011010101, 103] 01111013 0001111011 00361111 111030101-
0113011111111] 103]10100 010161 110 103]11 131111]1)0; 001010111-
= 30111111110161101011111101111 Βο10111]1, Μο]111011111]11 0 ’17111-
3001111 011111 110010, 0111 611 01161 tiz 1110 0113011161 011)
Το1110010110 011 1011610 1111116 1110111111111110110101
1103] 16310 11111601] 011011011016061 11113]61, 011011101111
’ 01] 0111011111110111 0 0010111101, 11 11110 01011161]1103 10 10111011
033611, 0 0110 111110 801111]0]Ρο11311010101011101161111Μ1111
Ι 103] 3101113 01 010113 01111131,01110111 1011101111011100006111-
’ 101101111101010111011110100013611110631101011111,0801111]0]1101
01101110111010111101010101110161111101,1110011101, 011101] 11111]-
1111111 60 01101 11111]111111 1111111111]6]“011 01011161]00011 01111111
1010330001101161 (jun. 25111) 0111 0111101011111 36-011 ²)
Maga 1111601] 10111 0 0010111101111111011010108011]
1]0]Ρο113110111111016061, 0 1000100101 16111103] ὅ 110111οι11111
110111 1111101011 1110101111 fogja 1110106361 1110131161 111110-
1111111113. 26.) 111 Μ11]101111010103110110, (maj. 27.) 1111110-
11103 Sennyey 11103 1011111110, 103] 11011110 1611011 be. 8)
Μο30 Sennyey 0111111111εο 01111Ὲο131001101111ε 1011111
3011101116 6101111111, 103] 01 0101631011 001111 011100, 11Ηο111011-
nait 0101111 fejedelemnek, 1111111101111 1116111 1110, egyszersmind
13]0111101101161110, 103] 111001 1111111111 11111 111106 01101063 1111100,
10111161 0 belvisze'tlyt„ ⁴)
E 16310 Ηο1110111101101 10 11111111 1111601] 1110101, poesy
81110111, ki 11101 ὅ101011161]00 101111011010 11110101. Nem volt
0111111030111101110111101»11οῃ013011 01611111 minden engedelmes·

¹) Weiss naplbja 197-199. 11.
¹) 11. Τδη10]01 10 Ι101111111]011111Χ.

Ι) 11111601]111111 mind 16110101011111. 151111 11103 van Β10011011, a 111·
101 1111011.

4)801111]0] 101010 1013101101 (11 1111011 1111011) 1011111111 1607, 11111.
wrm.

may} 000113110110101011. 22

 

