1601. 111. 3-10. 9

111113 111311 111111111111, 1111111111 11111131131311111111
1111.1)Ε111 1111111 111111111111111111111 1 1111111111, 1111311
§pen 11 1 11111111111 1113111, 1111113 1111111111111 1111111
1111111111. A 111111, 1111131113311111111311111111111111 jelen·
111111)1 11111 111111111111 1111311, 1111111113 1111111111-
Μ1331111111311 11111111, ²) 11111111 1111111111 1111111111-
1111111, 11111111] 1 1111 11111111111 11111111111111111
8111131111.

11131111111111113 111111111111111111 1111111111111111- ·

111111111111111.Ζ11311111111111111111111 1 1111111111 1111,
111111 1111311111, 11111111 1111Μ1111131111111 1111111111-
11111 §pen 1'1gy 1111111131 volt, mint 11 1111111311, Ζ11311ο11
11111111 111111111111111111 1111 11111111, 11 111311311111
111111111111 volt: 11111111 1111 11311111111111111Β1111111
11 111111131311, 1111 111111111111 1 1 11111111 11 1 1111111111
111131111111111. Τ1111111111111111311311111111 11111. S 1111·
11111111 11111111 [1111111111111111111111111111111111111111-
11111111 1111133 sem 11111111 a 11113111111111, hogy Zsigmond
111111111111Β1111111,11111111 11111 111111. Ζ113111111111111111
11111111 1 11113 1111111111 1 111111 1111111111111111111111111
11111, hogy 1113111111 111 111. Α 1111311111111111111Μ111113
11111111 1 [1111111311 111111 - 11 133 111111 11131111 1111-
11111. )

11111113 1113 133 1111 111111 11 113111111111Ζ11311111
1111111113111111111 a 1111111111 1111 11111 11111111 1111111131·
1111111111 11111111, hogy 1111111 11111111 1111111111111. Α 11113
1111111111 1 11 1311111111113Ι 1111111111 1111111111111

11111111111113, mig Ζ11311111 11111113 11111131111111111·
1111, 11 Β1111111 111311111111133 most 11111111311111111
1111111113. 171113111111111131111011 1111111)γ Lajos is
1133111111131111111111,11331111311111111.11113. 2-11 11111-
111 1136111111111, 1 11111111 aug. 3-111 1111111111 111111111

1)1·’1111111.11. 183. 1.

¹) Τῦ1ν. 11 1101111111 VI.

⁸) 1111111 1. h. 184-111. 11113111 Β1111111 1111111111 1111111 (10. 1.),
de 11111111 1111111111, hogy 11111113 1111111111111111111111111111111111
111111 11131111 13113111 venui Zsigmond, 111111 111331 11111111 1111 ma·
311, hogy egyedfil 11 1113111111 Mihalyt.

 

