348 11661111 6661661616611.

61661611 ¹), 6116 6616 is birt 16666666611616,11636 Β11116161 ¹
161666616166111 6111161161161,66116116,11ο36 minden 11361166, min·
den 1116 1161631166 616666116666 1616166661. 1611661 1613666 116
16666, 111 6166661616663366361,1166666361, 6116166361 11666161-
361161116161666666 Η616611661161 1666636116, ⁸) 6 6163 816
1666116161 611611 is 1661611661 16166161611, Η6661, Κ611111161311
6661 1163616 6111161161, 6 6661161, kik 6666636111 6666111611, 661116
3666161 1616136116 ⁴) Val6ban 11361611 1616616 6 116163, hog]
616166616366666 Η66166661 61166163666 1616616, 11636 61616111
16166661616 113661 66661 11161666111166 16663616666611. S 6616
3666 6163 16166611 6611161 1161166 66 6636161166 66111111 1111166
66616166161, 6 1663616666166 61616166113661166611 6661116661
16661166666661161161111161.

Ι1666116111116666611111161, 6111166 nem 161116 ha 616316·
6166161116 66 61166 1111136 61611, 6661663666611 16116 6666616111 ’
66 61666336111661, 66661161 16116111, 61611 66 6116 6636616166 ’
6611 1161116661 6 1666161111666633661661611616661611. A 1663111-
161663. 27-161 11111616 6661, 66 1161661161 66661 4-61611116
11666616. 176116, 11636 6 66111161 6Ρ16311161616361116666116

1111161611, 1663163661( 6616616661161 16661, 661636666116616·
16661611616 366666166661 1616136111 111616 ki. ⁶)

A mint 66 616663366166 ki 1611 1111116116, Β6111616 6111-
36161 1166116, 11636 a jus ligatum 11366 1166666611 6161 6 1161661111
1163166611 16616666 articulus, 16616 6 11136166 1166161611, 661-

-ι-ῇ--ῳ-

¹) 1166166166661 11666 (1661366611 van Β666116116111166 11166636
16116116661666 6 6666661666, 1667 1111. 28-161,66161661116166111161166
6116666166] verbis 1666161666 666 661 16666 dandus, 661616 161616 regni
61616 16116 611· 161661666111666666, qui 666116666111111. 6661166161,
116666 161616 6611666 : 6616 6666161 quid 161 vicibus Trannia faeere 16616-
16111, impraesentiarum quoque 11166116 6666161 66666.

²) 1616666611 66 1166166661 LXXV.

8) 11613666 Za. 1607, 663. 7661 1166 1111116666 1161366666111 Homon-
661161 6163166116, 11636 16166666 661161 16611611 6163 6 (1.1. May)
116661 vira 611611. 11366161661611, 11636 1611611 6 6163661· dieta 663613, 611
611161 1116616 66166. 1136666661 ha 1161166116 Ηο6166661 61166 1636161161
16316116661,66 66611166 1166611 6616666 1616166 6 Η616666616611 16316 61111
1111 16361 (Meshan, 6 1111166 111166.)

⁴) L. 1611666611 66 11616. LXXVII. LXXVIII.

⁸) L. 1611. 16666. LXXVIII. .

 

