 

434 11111111 111111111111111111.

1111111111111111111 1111111 1111111111 11111 1111, 11111 mind
1111111 1111 11111111 11111111111 111111 111111111111111111
1111111111111111111111111 11111111 nem 11111111111111111·
111 111111111111111 11111 1 1111. Α1 1111111111111111111111
11111 11111111 1111111 11111 11111111 11111111 11111 1111111111·
111, 11111 111111111111111111111111111, 111111 111111111111
1111 1111111111111 1111 1111111111, 111 1111111111 11111111 11111
1111, 11 11111111 1111111 11 1111111 11111111 1111, nem 1111111111
11111, 11111 meg 11111111111111 1111111111 111111111111,
1111 1 1111111111 1111111 1111111111 1111111111111111111
1111111111 1111111 1111111111111; 11111 1111111111 1111111 1111·

1111 11111111 1111 1111111 111111, 11111) 11111111111 1111111111 ·

1111111111111111, 111111111111 1 111111 11 1111111111111111
1111111111, 1 mind magunk 11 1111111, 111111111111111111111
111111 111111111111111111111 11 noha tudem, hogy 1111111111
11111111111111, 111 11 11111111 1111111111111 1111111111111
egy nagyobb nem 111111,111111 1111 111111111111 1111111111-
1111111111111111111111 folyamodsek: 1111 111111111111 1111111111
11111, 11 111 11111111 1111 11111111 11,(11111111111111111111
1111111111 1111111111 meg 111111.

Α1 11111111111111 1111111111 az 1111111111 111 1111111
gyon, 11111 111 1111111111, 1111111 11111111 mind 111111, 1 mind
1111111111111111ς 1111111111 11111111111111 111111111, 11 111
1111111111 11111 11111111, 1111111111 11 1111111111111111111111,
111 ugy 1111111, 111 11811111111111111111111111111111111111
11111 11111111111,111111111111 1111111111 11111111111111111·
1111111111111111111111111111111 1111111111111111111111111111,
1111111111 1111111 1111 11111 11 kik 111111111111 1111111, 1111-
den nap 11111-1111111111111111111 1111111,111111111111111
1111111 111 1111 11, ugyan 11111111 111111111111111111111111
111111111111111, 11 111111 111111111111111111111111111 111-
1111. Α1 111 11111111 1111111111 11 1111111111 1111111111 1111-
11111111111111111111111111111 1111111111 1111111111111111111
11111 gondolkodni, 111111111111 arra 111111111111111111

1111111; 11111 1111111111 1111111111 1111111111 1111111111111111111
11 11 111111111111 11 11111111111111,111111111111111111111
111111 111 mii 11111111 1111111. 11111 11111111111111111111 111111-
11111111111 111111111111111111, 111111 1111111111 111 1111111111 ;

 

 

1
1

