' 18 namn 033313131313333.

3311031131 3 113331, 1033 3 13113131,33313313(1(113 is 0331 1
33 01110333131 1031301 Β1311111 331330111311113331133 -3331- 1
331113033113133 ὀ 333 hajducsapatot is 111ᾶὸ11 Η3333311111- ·
(1133- 1311011313333,11133333.Μ13333 001. 14-13 Zsigmond 1

13133113133, 1033 3131130131 313333 3 Β3303331311111301
1331331, 3111303011 Β3333ὀ111, 3 1331111 11103 33313313111 (131-
1333113313, 3 3331333313 3311, 1033 13 313113-10311133131
3333313331, 31133 3133333. ¹) 1) 3313 31103 1131 3311, 1033 Βο3-
1113 13 3113111131131,Βο113333333101131 3 3 1333333131 133113
3331331313 31311, 11331331331, 031133 30113331131 3333311313
3331331331 3 11333ὀό 1313133101 »03011131031311103 min·
1331311 3313133131 31133313 11313 10131311311311 3 30331131
Szeben 31311 113301113133111331 13333133111303331131ι 0331-
1333333313103311 3113111 had, 33131033 16 3333 333133, 0331-
13103313 Βο311131331 3 3133031 13 (11331 3311111 1331331331, 3
3 Β1311111 3133131111 113133 1133333 1333011 13113313311 meg·
1113301011. Ε 31303133133333 11333311101111 31331113 3 3
1333 3 1311111 313101101 13 3313111331 11333- 13 1331111331 111-
1133, nem minden 3133 3111111 3333313333 31113, 331 nem mi
30313301, 13333311133333131331 13111131( ; ²) 3 03333 83133
Sebesre 131111 11 3 111031. Nov. 3-13 (13113 13 3113313113 331-
131331131 3 3 Μο1131133 13011103331313313333333131113-
(131131, 1311301131, 1031101131, 133333131131, ³) meg 3 8311313
Μό333 (1331113313, 3331331131Ζ313330331 3333311313 1133333
311, 3 03333 113303-1133133331331, 101 Βο311131331 3 3 111311
13131131 033113103313,113333(1 0313013133 3131311. ⁴)

Β1313 3313 31103 3113133133 11311131 Ηο33 3 33113133131
333333313333, 113131111113 331111, 03333 83113131113331133-
13111331113133 3133331031111 ; 11313111311 1110131333 Μ330303
Κο103313333 03333 1)31333 33331113 13133133 3333113 Β111033
13 31313131 (13 33 31311, 1033 11131313333133333311310-
3131 13311011 3 33133 3130301131, 3331331 — mint 111131, 33
333 Β3333ὀ 11311311331 - Β1311331 11101131, 3 3131331 11311

¹) 11331311. 118.

Ι) 3311133 F. V. 59. 8311313 1313113 108. ·
Ι113013 1333301311 19111.

⁴) 3311133 133133 V. 61111116 1330303 152.

 

