4118 1111111111 0101100111101111. Ι

1607. 00110111101111111111101 1010 0101111111, 1101101 01011
(111131 1011101 10110110 11030111,111111310111110103101110001
10301301101031013011101, mint 1031011100 1111111101 01010·
101101 1030101311111.

(5) Μ111111031 mosten semini 10111010011111101111 1111-
1100 1110001, mint az 01111, 101101111, 1310111110, 1031 101-
1103111101 1111011111 1111101, de 1111111101 sem 1101011111-
11111,113011111 azert, hegy 011110 3010011111 0111010101 min-
dentttt persequtljanak‚ 011 01 arra rendelt 1111110011 01110101
011 emissione officii, 11010110 01 humanitatis, 110 011110 01031
03111 11011011 111100 01110101, kik 1011110 1111111, 10101101
01011101, 103 110 0000101100011, 1101011 1110101010111111111·
100011; 10 [101130111011110011011011 1031 1030011011111011
0110101101101011 0101111 rend 103101 1031 privatus 1031
110111100111 1111110101 103111, 01031 1030000101101111 0110001-
tent 01031 1011131111 10111 0111101011111111, 1103101101
1111101100 nem 1101 00100111110,010111“11101100 103101, 11011
0110101001011101, 111111110310111101111101110001 1031103001·
01011011000111010010111110111101111, sentientes ¹) 01 0010011101-
100 11011 poena puniri debent.

(6) 11110101011010111101001113011111101101011311, 11031
01 3111110101 1110011011 0110101 tempestive azaz 0101 1011111
01 3111110101 0110101101 jelen 10310101, de 10111031 else 1011
1111 10111101, de 03101 101 sem mennek, 11101101 11011301
3111110101 0001 01 113110 10110101, 1031 1111111101110010110-
10000101, 11101101 10 0311031 111 nep 0111011011010 1101- 1

101, 01 31111101011131110111 1111111. 11301111101111, 103101- 1

101 111110, 11011 01 111001101101110101 11111101311111010 f

nem menne, 01031 11οὄ1 menne, 1031 00111111 010 nem 11111
11313 nem 11111 01 31111101, 1011111 hire 1111111 0110110, 0111
10111101 1110101101, 11111 01 1011110101 10101301 01 011101101-
30101 1011111101 1031 1111111 11111 00110100111110110000101,
11101 fele 01 1101101, sele 01 1111110310 1031011101111013110
001101111100011. Ηο 1101130110111101101111101 10 111111 11111
11 nem 10111101, 11 duplo 00111101110000101, 01 0000 1011010-
1111101 0110110010 101 poterint. De 1111111 ὅ 1031013111, 1031 01

..σ--μ

1)11 110100οἰ 11111111111011ε facientes 011011 et.

 

