1601. 101. 3-10, 11

110010 00030110 01130 0 001000101, (Μο1100 3000, 80100001
2000 1101 101101 10),(10011000310 01311000101, 00110101 Μ11011
101101 10001101 01, 11001 13001 11003 (110111 31311 1101000110
1010101101. A (1010110101 03 31311 Κο1003100003010 030111,
100000 Βο010 001110310017-0010110001011010011 0301, 10011100
10110110, 1011 0 0010 00010101 0011010300010 Flaminio J 003-
1101001101110110111 00001 00110100 31011 01000301, 111 010100-
100011011010010010101101 010101, 1110010101 1010101001
103301)

113 0 10110001 0111000 11111011 01100 0011101030000100
1011010 1010 010100301 001100001000001, 0011 0101110110
1010031οἰ 13103 0100 1031010100110, 0011 111 1011 0100301 10010-
1100 10100100 0101110οι 00111101 1010100010100 a 1000301;
0300 0110100031 011100 1111101103 0 101101 01101 0110110113003·
10101 Βο010 0011030000οΙ 010110 Ρ10101010111001.’) Μο100·
00100011 0 0011000100, 01000 1101οο001 010 01101, 101 11003
J 0000 0101110 1101010013 11110100310110 0 Βο010 100001 101000
101οο000010,1011101001010001 1010000100, Ι001100011οε-
001, 1011 1000111100 0030110 000311, 1011 000 0101 001100 000
03, 011101 1000000101 0 0 1010101001 ’1110113001 1011000
3300001 1030110 Βο010001. 11100011 03101 011011 03 Tordan,
101000 1111011 1131300001 011011 0 00100 101010100010. Βο010
10310 1010011ι 000 0301100110 0010 0000301 11010111, 1011
010100001 - 130010 0011. S 03 0101 10 010030 130010 »a 0000301-
03101010103010 001100, 000030101101111 0 11111011 001101;
0 0 10113 10111003000101 001 010113 010111001οί0 ³) A poharat
pedig 000100111110110110 Μ111011 1010001031 011010111110-
1000111 3 0000301101 1011101110 Κο1010 (10010110011111101-
101, 8000101 Ρο011003ο1 1101111 00100100001101, 0 111001
001100101000101 0 00100 1011001 000 01011. ⁴)

De 13 0011100001011010101000 101011, 1011 03 01111
10030101 0010010101, 3 00011 0011311001 00 0000100301 010110
03 01030101, 001 0011011 0011 103101 03 0110010101010101

...φ-φ’-

1) 1101001οι 111001110101-110110110010101. 42. l. 10301000 10110001.
⁸) 11300001031001101 0010113001 (1011.)

003010001031 u. 0. (03-01. 11.)

4) Βο11100 1. 11. 10-11 1.

 

