1601. arinca. 18—25. 461

1133203111 10113101, 1111333331 2510113101, Ο1031-Β1333 tinen-
11110113101, Β1311-Η333311 32 10113101, Fejer 211 25 10113101,
Abrugybanya 25 11101,Ὲ3131-Β1333 50 11101, Alma 25 forintot,
Vajda-Hnnyad 2511101, Β113333 50 11101.

Aa (3333310132131 313131 3131311131 3233 131312133113331

13110223331, 32 32132 313113 1311331 capitatim 131233 60 31321,
33133131 ad 13313111 333311 Georgii 1113113313 1311131333331·
3011331 13320131113131 10333110213 31111111 11133113113101321-
311 333331301331 23333 3113 31233 32331333131131331 11333
3303101311 1113133133 3231131. 1123113 13 3331311133 3333313011-
, 3313331 31211131 313310333110231.
(2) Aa mi 32 213131,11311313323(101, 3131311 13 333111
, 13320323211131331 1311112311 112111313113121 333331301331,
3 1331331 1130331102 2311111213 32 (1131311101311330132133211131-
, 3113, 2110331331 2333 333111 31123133 embereknek adattatta-
i 331 inseriptitban: 13132311,11033 3333313311 11203303 emberit
1100311213 311113 13133113, 3133333 213113 je 131332 3213131113
ζ 11131 ha 1121113 3331311311 1131113, ha 331113 111113 233303 benne,
10333201311101331 32 1331331133 1333311 3133, 11033 33331-
ζ 311331331101311113321113130033111131133313311132311123111313.
J De (3111111033 31331331331 13131111 233303 13331131111133,
, 11033 3313 mint 32 3133331 3331311131 311011, 1133 mint ha 11
’ 112323110113101311011 113323231113 133311111111, 3333313011 3331
ζ 32 summat refundalja az mit 1311311011 jnl 213113 3133213 231
t per probabilia documenta, 231 331 juramenta; 32 311111 33313
313131113132 1130331102 3331131113333331.

(3) Vadnak 11333 33333201, 11033 3131313 dissolutus 13
131133131133133 emberek hatalmaakodnak, 32 3131333131 13 131301
33333216131 1113331, 23113331 13 233113113331 1333333111, kik
J hogy megtilttdgyanak 21332111, 11033 231311 3111111 333131311-
311131 certitudine cognita 32 13311101 32 131313 11121 32 13313
= 211333311133 131331, 32 321131331333 32133111301 1311111131
1111131311111 31 de 13310 azaz 10113101 101133 quoties 331133113-
, 133111123113333331, 331· 031313 033011333 remedia, 113311313
32 1130331, 1313 32 13313011 13 32 1333131333 33131 133333.

(4) Hogy 333331301111133131131213 31321311313313113213-
³ ragat 13 113320313133 201111, 32 31311111 1606 33213311111311 (112-
3111331 1123113113 111133131311011 1331331111 13 32 jelen 2311

30*

 

